408.54
407.45
406.55
406.03
405.57
404.96
403.98
402.38
400.83
400.15
400.1
399.5
398.99
398.48
397.39
396.47
395.17
392.99
390.4
388.2
386.49
384.85
383.31
381.89
380.51
378.71
376.5
374.44
372.62
370.87
369.63
368.62
367.68
367.18
367.23
367.52
368.51
370
371.53
372.94
374.66
376.84
379.24
381.69
384.02
386.12
387.75
389.52
391.51
393.27
394.43
395.24
395.72
395.39
394.05
392.6
391.45
390.46
389.55
388.27
386.58
384.58
382.33
379.98
378.08
376.23
374.15
372.02
370.13
368.26
366.37
364.76
363.02
361.2
359.68
358.51
357.29
355.65
353.67
351.39
348.74
345.78
342.92
340.13
337.34
335.03
333.67
332.71
331.65
330.61
329.57
328.51
327.57
326.66
325.62
324.96
325.42
326.52
327.7
328.94
329.67
329.85
329.77
329.55
329.17
328.66
328.17
327.78
327.61
327.7
327.87
327.94
327.91
327.69
327.41
327.33
327.24
326.95
326.7
326.58
326.76
327.13
327.18
326.89
326.33
325.57
324.93
324.21
323.61
323.3
322.74
322.02
321.43
320.52
319.3
318.06
316.57
314.77
313.16
311.81
311.1
310.93
310.78
310.5
310.2
310.05
309.96
309.62
309.01
308.39
308.02
307.86
307.75
307.89
308.87
309.9
310.58
311.23
312.05
313.35
314.69
315.77
316.61
317.54
318.75
320.26
321.92
323.76
325.75
327.49
328.92
330.27
331.62
332.8
333.68
334.74
336.22
337.59
338.37
338.73
338.68
338.01
336.98
335.69
333.58
330.69
328.03
325.84
323.53
321.24
320.16
320.29
320.69
321.1
320.92
320.18
319.51
319.08
319.03
318.98
319.07
319.21
319.35
319.51
319.07
318.44
317.93
317.34
316.82
316.73
317.14
317.67
318.02
318.05
317.88
317.44
316.32
315.26
314.88
314.19
312.79
311.29
310.28
309.39
307.92
306.01
303.68
300.76
297.73
295.2
293
290.99
289.59
288.5
287.04
285.42
283.93
282.61
281.74
281.21
280.79
280.25
279.66
278.85
277.81
276.97
276.34
276.93
278.83
280.71
282.2
283.39
284.61
286.2
287.59
288.69
290.14
291.71
293.2
294.71
296.39
298.53
300.9
303.06
304.83
306.32
307.62
308.59
309.38
308.64
305.96
302.42
299.24
297.19
295.37
293.72
292.43
291.18
290
288.61
286.6
284.91
283.81
282.74
281.77
280.69
279.55
279.12
279.08
278.8
278.34
277.46
276.46
275.89
276.35
277.73
279.19
280.53
281.83
282.96
284.1
285.77
287.55
289.35
291.39
293.45
295.52
297.8
300.3
302.35
304.44
306.87
308.64
309.75
310.93
312.23
313.53
314.49
315
315.38
315.68
315.71
315.47
315.42
315.83
316.47
317.64
319.97
322.43
323.58
323.96
324.25
324.52
324.64
324.78
325.03
325.23
325.16
324.89
324.61
324.78
325.82
327.14
328.41
329.36
329.99
330.46
330.51
330.38
330.36
330.38
330.21
329.92
329.58
329.23
328.85
328.21
327.35
326.64
325.96
325.07
324.05
323.02
322.09
321.23
320.39
319.75
319.38
319.34
319.44
319.24
318.72
317.74
315.94
314.06
312.65
310.89
309.23
308.51
308.38
308.33
308.03
307.1
305.28
302.83
300.36
297.82
294.98
292.3
290.05
287.84
285.74
283.73
281.67
279.76
278.53
278.01
278.24
278.71
278.47
277.9
277.41
277.04
276.9
277.06
277.49
278.52
279.93
281.02
281.99
282.88
283.54
284.02
284.48
285.09
285.68
286.64
288.15
289.7
290.82
292.06
293.29
294.21
294.86
295.23
295.54
295.98
296.09
295.94
295.54
294.9
294.22
293.82
293.71
293.78
293.88
293.79
293.39
292.98
292.44
291.51
290.63
290.63
291.35
292.4
293.8
294.86
295.34
295.65
296.32
297.15
297.88
298.58
298.97
298.96
298.72
298.55
299.42
301.58
303.71
305.82
307.86
309.36
310.21
310.77
311.15
311.26
311.74
312.46
313.33
314.55
315.95
317.07
317.94
318.71
319.11
319.7
320.79
321.99
322.53
323.37
324.7
326.42
328.29
330.11
331.42
331.56
330.64
329.31
327.69
326.32
324.91
323.15
320.98
318.48
315.87
313.13
310.29
307.56
304.49
301.52
299.21
297.22
295.37
293.25
290.83
288.33
285.25
281.15
278.2
277.69
277.58
277.51
277.53
277.59
277.48
277.43
277.33
277.06
277.27
277.92
278.12
277.97
277.91
277.78
277.56
277.61
277.75
277.77
277.87
278.23
279.74
282.27
284.6
286.78
288.41
288.79
288.93
289.19
289.63
290.89
294.04
297.53
300.1
302
304.38
307.15
309.81
313.22
317.1
320.19
322.42
323.41
324.03
324.49
324.79
324.91
324.79
324.35
324
323.9
324.15
324.77
325.04
324.74
324.21
323.89
323.82
323.6
323.2
322.94
322.81
322.44
322.07
321.8
321.18
319.78
318.12
317.07
316.63
315.89
315.39
315.68
316.66
317.44
318.72
320.47
322.32
323.55
323.96
323.88
323.61
322.79
321.45
319.86
318.07
316.48
314.77
312.58
310.44
308.85
307.88
307.07
306.21
305.43
304.7
303.96
303.07
302.07
301.03
299.91
298.6
297.14
296.37
295.79
294.52
293.12
291.36
289.26
287.31
285.09
282.82
280.89
279.01
277.47
276.07
274.81
274.28
274.31
274.7
275.5
276.15
276.53
276.86
277.39
278.25
279.43
280.46
281.32
282.08
283.01
283.79
284.46
285.12
285.97
286.93
287.91
288.84
289.62
290.41
291.25
291.97
292.52
292.88
293.26
293.68
294.28
294.82
295.01
295.25
295.76
296.09
296.22
296.35
296.48
296.49
296.33
295.99
295.87
295.97
296.07
296.29
296.53
296.61
296.61
296.78
296.87
296.86
296.74
296.69
296.84
297.01
296.67
295.69
295.07
294.73
294.45
294.44
295.09
296.13
297.14
298.03
298.85
299.85
300.81
301.28
301.61
302.04
302.47
302.77
302.67
302.48
302.49
302.56
302.8
303.01
302.92
302.95
303.65
303.8
302.16
300.7
300.14
299.43
298.9
298.05
297.04
296.04
295.26
294.59
293.93
292.94
291.27
289.72
287.99
286.59
285.42
284.98
285.02
284.73
283.56
282.21
280.93
278.89
277.17
276.49
276.39
276.37
276.75
277.82
279.15
280.04
280.32
280.14
279.65
279.48
279.24
278.83
278.52
277.9
277.27
277.08
276.97
275.77
274.38
273.26
272.43
272.21
272.7
273.59
274.42
275.78
275.65
275.16
274.49
273.82
273.6
273.32
273.11
273.06
273.59
275.56
277.67
279.26
279.98
280.13
279.96
280.18
281.16
282.52
284.16
285.7
286.78
287.19
287.24
287.43
287.5
287.5
287.64
287.59
287.36
286.93
286.94
287.27
287.57
287.81
287.97
288.15
288.06
286.83
284.96
283.56
282.54
282.05
282.14
282.23
282.45
282.69
282.76
282.73
282.74
283.03
283.73
284.52
285.51
286.52
286.91
287.2
287.41
286.99
286.61
286.03
285.08
283.84
282.6
281.35
280.46
280.16
280.44
281.16
282.48
283.24
283.24
283
282.81
282.22
281.39
280.16
278.32
276.93
276.5
276.5
276.63
276.7
276.69
276.59
276.57
276.58
276.54
276.48
276.64
277.35
277.81
278.49
279.44
280.27
281.33
281.82
281.56
280.56
279.56
278.42
277.39
276.75
276.54
276.26
275.71
275.25
275.1
274.91
274.54
274.07
273.51
272.83
272.52
272.3
272.36
272.65
273.03
274
274.59
275.43
276.27
277.11
277.68
278.44
278.59
277.46
275.24
273.12
272.24
271.37
270.59
269.8
269.18
269.34
269.46
269.4
269.22
269.14
269.23
269.34
269.28
269.2
269.24
269.31
269.3
269.39
269.47
269.56
269.59
269.51
269.43
269.32
269.29
269.34
269.42
269.41
269.39
269.5
269.55
269.47
269.39
269.35
269.33
269.4
269.49
269.39
269.38
269.35
269.33
269.39
269.43
269.36
269.37
269.31
269.27
269.3
269.3
269.32
269.32
269.58
269.82
270.03
270.45
271.01
271.3
271.29
270.95
270.76
271.62
273.22
274.3
275.48
276.91
277.83
278.5
278.13
277.51
276.69
275.34
274.09
273.64
274.52
275.79
277.24
278.85
280.6
281.61
281
279.09
276.85
274.66
272.62
271.88
273.72
275.23
276.76
278.14
279.44
280.37
281.17
281.85
282.16
282.19
281.84
281.92
282.36
282.85
283.31
283.56
283.53
283.19
283.02
282.48
281.87
280.93
279.7
278.2
277.06
275.81
274.65
273.52
272.8
272.93
272.99
273.08
273.58
274.59
275.87
277.02
277.71
277.71
277.94
278.62
279.49
280.12
280.09
279.86
279.42
279.09
279.04
278.76
278.1
276.94
275.5
274.09
273.34
273.73
274.17
274.23
273.71
273.01
273.22
274.4
275.36
275.82
276.5
277.44
277.67
277.48
