586.36
586.23
586.16
586.08
586.17
586.22
586.24
586.19
586.12
586.06
585.85
585.7
585.49
585.44
585.39
585.2
585.1
585.04
584.9
584.82
584.78
584.93
585
584.93
584.87
584.71
584.53
584.53
584.56
584.62
584.76
584.82
584.84
584.57
584.32
584.21
584.04
583.82
583.67
583.45
583.17
583.03
582.97
583.27
583.89
584.38
584.73
584.93
584.86
584.83
584.95
585.22
585.74
586.68
587.83
588.64
589.31
590.31
591.25
591.8
591.56
590.82
590.32
590.79
591.36
591.46
591.4
591.29
591.05
590.88
590.84
591.13
591.71
592.31
593.05
594.22
595.31
596
595.96
595.57
595.49
595.8
596.41
596.81
597.02
597.23
597.44
597.73
598.23
599.2
600.5
601.05
601.09
601.32
601.74
602.3
603.4
605.13
607.03
608.48
609.37
609.99
610.79
612.11
613.41
614.3
614.99
616.02
617
617.78
618.5
619.19
620.19
621.6
622.61
623.17
623.28
622.85
622.23
621.62
621.06
620.54
619.76
618.64
617.27
615.45
613.37
611.24
608.95
606.84
604.96
603.1
601.25
599.43
597.76
596.29
594.88
593.33
591.63
589.77
587.87
585.55
583.18
581.13
579.15
577.09
574.96
572.97
571
568.73
566.38
564.18
562.26
560.5
558.64
557
555.65
554.32
553.13
552.71
552.77
552.6
552.11
551.74
551.6
551.6
551.47
551.31
551.43
551.57
551.56
551.75
552.48
553.36
554.37
555.12
555.25
555.11
554.91
554.63
554.35
554.21
554.22
554.16
553.65
552.8
552.06
551.75
551.68
551.61
551.5
551.7
552.27
552.63
552.73
552.84
552.95
553.05
553.08
552.99
552.86
552.69
552.47
552.25
552.03
551.8
551.58
551.4
551.47
551.72
551.88
551.87
552.13
552.86
553.54
553.86
553.8
553.58
553.4
553.24
552.89
552.49
552.12
552.04
552.59
553.37
554.04
554.52
555.09
555.51
555.62
555.52
555.37
555.15
554.78
554.54
554.34
554.16
554
553.91
554.1
554.48
554.71
554.63
554.44
554.27
554.16
554.1
553.73
552.79
552.07
551.98
551.8
551.35
550.83
550.28
549.84
549.46
548.97
548.67
548.79
548.97
548.99
548.7
548.1
547.5
546.98
546.35
545.66
545.21
544.44
543.1
541.48
539.85
538.55
537.84
537.68
537.58
537.57
537.73
537.85
537.9
538.39
539.49
540.75
542.02
543.02
543.54
543.81
544.07
544.53
545.42
545.78
545.03
543.88
542.67
541.46
540.26
539.07
538.18
537.56
537.02
536.57
536.11
535.67
535.25
534.84
534.17
533.07
531.72
530.31
528.92
527.34
525.56
523.87
522.6
521.79
521.1
520.43
520.05
519.95
519.93
519.94
520.29
521.03
521.93
522.99
524.27
525.9
527.83
529.83
531.92
533.89
534.99
535.44
535.98
536.36
536.25
536.04
536.27
536.86
537.3
537.52
537.63
537.61
537.56
537.45
537.13
536.48
535.11
533.09
530.82
528.48
526.03
523.53
521.37
519.69
518.11
516.38
514.89
513.62
512.32
511.02
509.78
508.59
507.67
507.06
506.47
505.88
505.27
504.43
503.31
502.12
501.03
499.95
498.89
497.96
497.26
496.88
496.62
496.23
495.68
494.94
494.47
494.34
494.27
494.17
493.89
493.4
492.72
491.89
491.7
492.39
492.9
493.49
494.47
495.38
496.17
496.62
496.36
495.82
495.38
494.71
493.93
492.91
491.72
490.96
489.88
488.13
486.43
484.41
482.3
480.16
477.48
474.55
472.22
470.6
469.27
467.99
466.93
466.31
466.21
466.28
466.22
466.11
465.79
465.2
464.51
463.94
463.72
463.54
463.16
462.65
462.22
462.14
461.92
461.32
460.95
460.81
460.54
459.83
459.09
458.37
457.71
457.39
457.27
456.95
456.5
456.11
455.8
455.35
454.74
454.12
453.49
452.87
452.12
451.46
450.98
450.3
449.34
448.15
447.34
446.84
446.43
446.17
446.11
446.11
445.87
445.35
444.67
443.84
442.64
441.07
438.72
435.8
433.27
431.51
430.03
428.62
427.12
425.62
424.89
425.04
425.5
425.88
426.13
426.6
426.91
427.17
427.64
428.22
428.87
429.25
429.01
428.61
428.08
427.62
427.51
427.69
427.94
428.29
428.97
429.9
430.91
431.73
431.86
431.71
432.2
433.42
434.41
435.26
436.3
437.16
437.11
436.47
435.89
435.33
434.76
434.31
433.94
433.54
433.16
432.78
432.31
431.47
430.46
429.69
428.88
428.14
427.54
426.81
425.93
425.04
424.26
423.63
422.98
422.25
421.58
420.89
420.11
419.36
418.72
418.11
417.42
416.64
415.85
415.12
414.34
413.11
411.83
410.91
409.81
408.48
406.95
405.34
404.09
403.16
402.13
401.17
400.41
399.79
399.28
398.82
398.29
397.74
397.17
396.68
396.48
396.54
396.47
396.26
396
395.78
395.55
395.37
395.17
394.96
394.69
394.25
393.96
393.94
394.01
393.85
393.4
392.84
392.7
392.81
392.27
391.85
391.46
390.6
390.13
390.18
390.16
389.86
389.55
389.13
388.66
388.31
388.07
387.87
387.66
387.83
387.93
387.66
387.4
387.04
386.67
386.46
386.28
386.1
385.97
386.01
386.13
386.18
386.03
385.71
385.26
384.75
384.29
383.71
383.01
382.51
382.08
381.81
381.4
380.84
380.13
379.24
378.5
377.77
377.03
376.4
375.87
375.42
375.08
374.88
374.45
373.91
373.52
373.24
373.01
372.77
372.38
371.97
371.52
371.13
370.82
370.55
370.29
369.8
369.37
369.01
368.7
368.59
368.47
368.14
367.68
367.37
367.2
366.99
366.72
366.47
366.31
365.99
365.83
365.54
364.96
364.36
364.07
363.99
364.07
364.07
363.95
364.19
364.38
364.02
363.34
362.91
362.31
361.64
361
360.43
359.88
359.24
358.52
357.7
357.35
357.53
357.3
357.15
357.08
356.55
356.11
355.52
354.62
353.74
353.03
352.7
352.24
351.52
350.62
349.73
349.34
348.89
348.07
347.36
346.8
346.15
345.34
344.59
343.97
343.57
343.28
342.46
341.48
340.98
340.59
339.83
339.25
338.95
338.6
338.05
337.26
336.45
335.9
335.54
334.89
333.52
332.18
331.1
330.07
329.3
328.74
328.01
327.4
326.92
326.31
326.04
325.8
325.05
323.85
322.76
321.85
321.01
320.14
319.44
319.25
319
318.66
318.17
317.71
317.6
317.56
317.48
317.29
316.86
316.21
315.5
315.14
315.33
315.68
315.4
314.25
313.65
313.6
313.56
313.16
312.76
312.39
312.12
311.93
311.71
311.48
311.09
310.5
309.96
309.15
308.14
307.11
306.3
305.18
304.31
303.88
303.63
303.37
303.25
303.45
303.93
304.29
304.43
304.18
303.69
303.34
303.28
303.45
303.69
303.79
303.61
303.36
303.32
303.74
304.39
304.69
304.72
304.6
304.56
304.32
303.96
304.17
304.65
305.18
305.71
305.98
306.11
306.08
306.19
306.46
306.67
306.94
307.27
307.58
307.88
308.15
308.21
308.32
308.56
308.92
309.35
309.58
309.74
309.71
309.67
309.66
309.62
309.59
309.7
309.92
309.95
309.94
309.83
309.66
309.56
309.47
309.13
309.09
309.15
309.08
309
308.59
308.01
307.66
307.43
306.91
306.56
306.31
305.79
304.96
304.45
304.17
303.53
302.81
302.16
301.56
300.97
300.31
299.78
299.31
298.84
298.36
298.08
297.58
297.04
296.66
296.25
295.7
295.31
295
294.76
294.52
294.28
294.24
294.24
294.26
294.34
294.4
294.37
294.35
294.35
294.44
294.57
294.37
294.48
294.98
295.02
294.77
294.49
294.56
294.38
293.94
293.4
293.03
292.69
292.49
291.96
291.52
291.46
291.18
290.56
290.06
289.81
289.52
289.29
288.85
288.21
287.11
285.19
283.84
283.45
283.04
283.71
284.96
284.98
285.38
285.5
285.72
285.7
285.73
285.68
285.52
285.4
285.45
285.45
285.45
285.45
285.47
285.48
285.46
285.44
285.39
285.35
285.27
285.26
285.19
285.17
285.1
285.11
285.12
285.18
285.19
285.14
285.18
285.19
285.18
285.09
285.03
285.03
285.04
284.91
284.81
284.67
284.57
284.54
284.29
283.88
283.11
282.16
281.29
281.05
281.02
280.99
280.95
280.92
280.95
281.08
281.02
280.89
280.89
280.88
280.77
280.77
280.73
280.75
280.92
280.92
281.23
281.37
281.27
281.5
281.5
281.68
281.83
281.64
281.43
281.31
281.55
281.42
281.39
281.38
281.43
281.47
281.49
281.51
281.54
281.63
281.71
281.76
281.78
281.79
281.77
281.57
281.44
281.47
281.52
281.61
281.67
281.64
281.38
281.35
281.32
281.3
281.37
281.3
281.27
281.26
281.29
281.32
281.34
281.39
281.45
281.5
281.46
281.53
281.57
281.57
281.28
280.77
280.43
280.15
280.14
280.21
280.27
280.47
280.1
279.64
279.35
279.21
279.24
279.29
279.15
279.08
279
278.82
278.57
278.36
278.19
277.93
277.74
277.55
277.29
277.14
277.13
276.99
276.64
276.36
276.15
276
276
275.91
275.72
275.56
275.52
275.45
275.51
275.45
275.33
275.17
275.1
275.05
275.03
274.93
274.82
274.75
274.67
274.62
274.62
274.51
274.29
274.19
274.02
273.94
273.7
273.42
273.12
272.1
270.89
269.32
267.3
265.25
265.31
266.31
268.07
270.45
272.69
274.38
275.51
276.52
277.44
278.05
278.2
278.28
278.33
278.35
278.27
278.19
278.52
280.21
282.34
285.03
287.44
288.83
290.28
291.62
292.83
293.84
294.17
294.35
294.3
293.53
293.15
293.01
292.89
292.78
292.69
292.64
292.5
291.97
290.92
289.64
287.98
286.65
285.08
283.28
281.57
279.84
278.11
276.38
274.66
272.92
271.21
269.61
267.6
265.51
263.43
261.14
258.87
256.94
255.6
254.36
253.28
251.95
250.64
249.84
249.31
249.07
248.79
248.01
246.66
246.4
245.8
245.42
245.25
245.48
245.59
245.72
245.97
246.13
245.77
245.49
245.23
244.94
